2:1,1
4:2,10,6
6:5,40,71,14
8:14,155,502,483,70
10:42,593,2795,5083,3025,254
12:132,2263,14019,38340,45136,18429,1191
14:429,8648,66433,244454,444228,368430,109524,5048
16:1430,33132,303917,1410430,3512366,4587213,2834354,642563,23655
18:4862,127278,1357618,7619031,24256105,44049493,43542720,20862113,3727356,108014



2:1,3,1
4:2,12,13,2
6:5,45,105,60,4
8:14,168,629,821,300,12
10:42,630,3268,7026,5920,1494,48
12:132,2376,15804,48280,68680,40948,7687,180
14:429,9009,73221,292253,601549,614818,274791,39845,732
16:1430,34320,329824,1631230,4448099,6663988,5164018,1803446,209933,3184


